26,158
26,159
26,160
26,161
26,162
26,163
26,164
26,165
26,166
26,167
26,168
26,169
26,170
26,171
26,172
26,173
26,174
26,175
26,176
26,177
26,178
26,179
26,180
26,181
26,182
26,183
27,151
27,152
27,153
27,154
27,155
27,156
27,157
27,158
27,184
27,185
27,186
27,187
27,188
27,189
27,190
28,145
28,146
28,147
28,148
28,149
28,191
28,192
28,193
28,194
28,195
28,196
29,141
29,142
29,143
29,144
29,196
29,197
29,198
29,199
29,200
29,201
29,202
29,203
30,137
30,138
30,139
30,140
30,203
30,204
30,205
30,206
30,207
30,208
31,133
31,134
31,135
31,136
31,208
31,209
31,210
31,211
31,212
32,130
32,131
32,132
32,212
32,213
32,214
32,215
32,216
33,126
33,127
33,128
33,216
33,217
33,218
33,219
34,124
34,125
34,126
34,220
34,221
34,222
35,121
35,122
35,123
35,223
35,224
35,225
36,119
36,120
36,225
36,226
36,227
36,228
37,117
37,118
37,228
37,229
37,230
37,231
38,115
38,116
38,231
38,232
38,233
39,112
39,113
39,114
39,233
39,234
39,235
40,110
40,111
40,112
40,235
40,236
40,237
41,108
41,109
41,110
41,237
41,238
41,239
42,107
42,108
42,239
42,240
42,241
43,105
43,106
43,241
43,242
43,243
44,103
44,104
44,243
44,244
44,245
45,102
45,103
45,245
45,246
46,100
46,101
46,247
46,248
47,99
47,100
47,248
47,249
48,98
48,250
48,251
49,96
49,97
49,251
49,252
50,95
50,96
50,253
50,254
51,94
51,95
51,254
51,255
52,93
52,94
52,255
52,256
53,92
53,93
53,257
54,91
54,92
54,258
54,259
55,90
55,91
55,259
55,260
56,89
56,90
56,260
56,261
57,88
57,89
57,261
57,262
58,87
58,88
58,262
58,263
59,87
59,263
59,264
60,86
60,87
60,264
60,265
61,85
61,86
61,265
61,266
62,85
62,266
62,267
63,84
63,267
63,268
64,83
64,84
64,268
64,269
65,83
65,269
66,82
66,83
66,269
66,270
67,81
67,82
67,270
67,271
68,81
68,271
69,80
69,81
69,271
69,272
70,80
70,81
70,272
71,79
71,80
71,272
71,273
72,79
72,273
73,78
73,79
73,273
73,274
74,78
74,274
75,77
75,78
75,274
75,275
76,77
76,275
77,76
77,77
77,275
77,276
78,76
78,77
78,276
79,76
79,276
79,277
80,75
80,277
81,75
81,277
81,278
82,74
82,75
82,278
83,74
83,278
84,74
84,279
85,73
85,74
85,279
86,73
86,279
86,280
87,72
87,73
87,280
88,72
88,280
89,72
89,281
90,71
90,72
90,281
91,71
91,72
91,281
92,71
92,281
92,282
93,71
93,282
94,70
94,71
94,282
95,70
95,282
95,283
96,70
96,283
97,69
97,70
97,283
98,69
98,283
99,69
99,283
99,284
100,68
100,69
100,284
101,68
101,284
102,68
102,284
103,68
103,284
104,68
104,284
105,67
105,68
105,284
106,67
106,284
107,67
107,285
108,67
108,285
109,67
109,285
110,67
110,285
111,67
111,285
112,66
112,67
112,285
113,66
113,67
113,285
114,66
114,67
114,285
115,66
115,285
116,66
116,285
117,66
117,284
117,285
118,66
118,284
118,285
119,66
119,284
119,285
120,66
120,284
121,66
121,284
122,66
122,127
122,128
122,284
123,66
123,124
123,125
123,126
123,284
124,66
124,122
124,123
124,284
125,66
125,120
125,121
125,283
125,284
126,66
126,67
126,118
126,119
126,120
126,283
126,284
127,66
127,67
127,117
127,118
127,283
128,66
128,67
128,116
128,117
128,283
129,67
129,115
129,282
129,283
130,67
130,114
130,115
130,282
131,67
131,113
131,282
132,67
132,112
132,282
133,67
133,111
133,281
134,67
134,68
134,110
134,111
134,281
135,68
135,109
135,110
135,280
135,281
136,68
136,109
136,280
137,68
137,108
137,109
137,280
138,68
138,108
138,279
139,68
139,69
139,108
139,279
140,69
140,107
140,278
141,69
141,107
141,278
142,69
142,70
142,106
142,107
142,277
143,70
143,106
143,107
143,276
143,277
144,70
144,71
144,106
144,276
145,71
145,106
145,275
146,71
146,106
146,274
146,275
147,71
147,72
147,105
147,106
147,273
147,274
148,72
148,105
148,106
148,273
149,73
149,106
149,272
150,73
150,106
150,271
151,74
151,106
151,270
152,74
152,106
152,269
153,75
153,106
153,267
153,268
154,75
154,76
154,106
154,107
154,266
154,267
155,76
155,107
155,265
156,77
156,107
156,108
156,263
156,264
157,77
157,78
157,108
157,262
157,263
158,78
158,108
158,109
158,261
159,79
159,109
159,110
159,259
159,260
160,79
160,80
160,110
160,111
160,258
160,259
161,80
161,81
161,111
161,257
162,81
162,112
162,255
162,256
163,82
163,113
163,114
163,254
164,82
164,83
164,114
164,115
164,252
164,253
165,83
165,84
165,115
165,116
165,250
165,251
166,84
166,85
166,117
166,118
166,248
166,249
167,85
167,86
167,118
167,119
167,120
167,246
167,247
168,86
168,87
168,120
168,121
168,122
168,244
168,245
169,87
169,88
169,122
169,123
169,124
169,242
169,243
170,88
170,89
170,124
170,125
170,126
170,240
170,241
171,89
171,90
171,126
171,127
171,128
171,237
171,238
172,90
172,91
172,128
172,129
172,130
172,235
172,236
173,92
173,131
173,132
173,133
173,232
173,233
174,93
174,133
174,134
174,135
174,136
174,228
174,229
174,230
174,231
175,94
175,95
175,136
175,137
175,138
175,139
175,225
175,226
175,227
176,95
176,96
176,139
176,140
176,141
176,142
176,143
176,221
176,222
176,223
177,96
177,97
177,144
177,145
177,146
177,147
177,148
177,215
177,216
177,217
177,218
177,219
178,97
178,98
178,149
178,150
178,151
178,152
178,153
178,154
178,210
178,211
178,212
178,213
178,214
179,99
179,100
179,154
179,155
179,156
179,157
179,158
179,159
179,205
179,206
179,207
179,208
180,100
180,101
180,161
180,162
180,163
180,164
180,165
180,166
180,167
180,196
180,197
180,198
180,199
180,200
180,201
180,202
181,102
181,169
181,170
181,171
181,172
181,173
181,174
181,175
181,176
181,177
181,178
181,179
181,180
181,181
181,182
181,183
181,184
181,185
181,186
181,187
181,188
181,189
181,190
181,191
182,103
182,104
183,104
183,105
184,106
184,107
185,107
185,108
186,108
186,109
187,110
187,111
188,111
188,112
189,113
189,114
190,114
190,115
191,116
191,117
192,117
192,118
193,119
193,120
194,120
194,121
195,122
195,123
196,123
196,124
197,125
197,126
198,126
198,127
199,128
199,129
200,129
200,130
201,131
201,132
202,132
202,133
203,134
203,135
204,136
205,137
205,138
206,139
206,140
207,140
207,141
208,142
208,143
209,144
209,145
210,145
210,146
211,147
211,148
212,149
212,150
213,150
213,151
214,152
214,153
215,154
216,155
216,156
217,157
217,158
218,158
218,159
219,160
219,161
220,161
220,162
221,163
221,164
222,164
222,165
223,165
223,166
224,167
224,168
225,168
225,169
226,170
226,171
227,171
227,172
228,173
229,174
229,175
230,175
230,176
231,176
231,177
232,178
232,179
233,179
233,180
234,180
234,181
235,182
235,183
236,183
236,184
237,184
237,185
238,186
238,187
239,187
239,188
240,188
240,189
241,190
241,191
242,191
242,192
243,192
243,193
244,193
244,194
245,194
245,195
246,196
246,197
247,197
247,198
248,198
248,199
249,200
250,201
250,202
251,202
251,203
252,203
252,204
253,204
253,205
254,206
255,207
255,208
256,208
256,209
257,209
257,210
258,210
258,211
259,211
259,212
260,213
261,214
261,215
262,215
262,216
263,216
263,217
264,217
264,218
265,218
265,219
266,219
266,220
267,220
267,221
268,221
268,222
269,222
269,223
270,223
270,224
271,224
271,225
272,225
272,226
273,226
273,227
274,227
274,228
275,228
275,229
276,229
276,230
277,230
277,231
278,231
278,232
279,232
279,233
280,233
280,234
281,234
281,235
282,235
282,236
283,236
283,237
284,237
285,237
285,238
286,238
286,239
287,239
287,240
288,240
288,241
289,241
289,242
290,242
290,243
291,243
292,243
292,244
293,244
293,245
294,245
294,246
295,246
295,247
296,247
297,247
297,248
298,248
298,249
299,249
299,250
300,250
300,251
301,250
301,251
302,251
302,252
303,252
303,253
304,252
304,253
305,253
305,254
306,254
306,255
307,255
308,255
308,256
309,256
309,257
310,256
310,257
311,257
312,257
312,258
313,258
313,259
314,258
314,259
315,259
316,259
316,260
317,260
318,260
318,261
319,260
319,261
320,261
321,261
321,262
322,261
322,262
323,262
324,262
324,263
325,262
325,263
326,263
327,263
328,263
328,264
329,263
329,264
330,264
331,264
331,265
332,264
332,265
333,264
333,265
334,265
335,265
336,265
336,266
337,265
337,266
338,265
338,266
339,266
340,266
340,267
341,266
341,267
342,266
342,267
343,266
343,267
344,267
345,267
346,267
347,267
348,267
349,267
349,268
350,267
351,267
352,267
352,268
353,267
353,268
354,267
354,268
355,267
355,268
356,267
356,268
357,267
357,268
358,267
358,268
359,267
360,267
361,267
362,267
363,266
363,267
364,266
364,267
365,266
365,267
366,266
366,267
367,266
368,266
369,266
370,266
371,265
371,266
372,265
373,265
374,265
375,264
375,265
376,264
377,263
377,264
378,263
379,262
379,263
380,262
